   1.3820e-01   2.6287e-01  -3.6180e-01  -4.2533e-01   4.4721e-01   4.2533e-01   3.6180e-01  -2.6287e-01  -1.3820e-01
   2.6287e-01   4.2533e-01  -4.2533e-01  -2.6287e-01  -2.0380e-10  -2.6287e-01  -4.2533e-01   4.2533e-01   2.6287e-01
   3.6180e-01   4.2533e-01  -1.3820e-01   2.6287e-01  -4.4721e-01  -2.6287e-01   1.3820e-01  -4.2533e-01  -3.6180e-01
   4.2533e-01   2.6287e-01   2.6287e-01   4.2533e-01   7.1857e-11   4.2533e-01   2.6287e-01   2.6287e-01   4.2533e-01
   4.4721e-01   1.3689e-09   4.4721e-01   4.5355e-10   4.4721e-01   1.1142e-10  -4.4721e-01  -1.0768e-09  -4.4721e-01
   4.2533e-01  -2.6287e-01   2.6287e-01  -4.2533e-01   1.8911e-10  -4.2533e-01   2.6287e-01  -2.6287e-01   4.2533e-01
   3.6180e-01  -4.2533e-01  -1.3820e-01  -2.6287e-01  -4.4721e-01   2.6287e-01   1.3820e-01   4.2533e-01  -3.6180e-01
   2.6287e-01  -4.2533e-01  -4.2533e-01   2.6287e-01  -3.0299e-11   2.6287e-01  -4.2533e-01  -4.2533e-01   2.6287e-01
   1.3820e-01  -2.6287e-01  -3.6180e-01   4.2533e-01   4.4721e-01  -4.2533e-01   3.6180e-01   2.6287e-01  -1.3820e-01
