   1.0393e-06   5.1889e-13  -9.3273e-12   5.5296e-15  -1.7505e-13  -2.1385e-10  -3.2437e-11  -1.4513e-11   1.0883e-13
   5.1889e-13   1.2155e-06  -3.8710e-12   5.2432e-10   7.5589e-11   1.2266e-11  -1.2640e-11  -1.9793e-10  -9.4942e-10
  -9.3273e-12  -3.8710e-12   4.4349e-05  -1.2840e-10  -2.6560e-07  -3.7661e-09   3.1824e-14   5.1287e-08  -1.8853e-08
   5.5296e-15   5.2432e-10  -1.2840e-10   9.6140e-08  -7.8835e-10  -6.5542e-11   5.8503e-13   9.6910e-10   1.7093e-08
  -1.7505e-13   7.5589e-11  -2.6560e-07  -7.8835e-10   6.5946e-06   1.2682e-10  -8.6588e-12  -1.2788e-09  -2.0970e-06
  -2.1385e-10   1.2266e-11  -3.7661e-09  -6.5542e-11   1.2682e-10   1.9165e-05  -5.2817e-13  -4.1723e-06  -8.4619e-10
  -3.2437e-11  -1.2640e-11   3.1824e-14   5.8503e-13  -8.6588e-12  -5.2817e-13   5.5798e-08   6.3147e-12   1.2091e-10
  -1.4513e-11  -1.9793e-10   5.1287e-08   9.6910e-10  -1.2788e-09  -4.1723e-06   6.3147e-12   6.3636e-05   1.4422e-08
   1.0883e-13  -9.4942e-10  -1.8853e-08   1.7093e-08  -2.0970e-06  -8.4619e-10   1.2091e-10   1.4422e-08   3.0232e-05
